vp 1e-4 tri bs512
epoch5: {1: 0.001, 5: 0.008, 10: 0.013} 399.5 {1: 0.0010000000000000002, 5: 0.007600000000000001, 10: 0.014000000000000002}
epoch10: 



1e-4 mismatch 0.8 bs128::
epoch10: {1: 0.015, 5: 0.041, 10: 0.082} 128.5 {1: 0.0109, 5: 0.04279999999999999, 10: 0.0818}
epoch20: {1: 0.013, 5: 0.049, 10: 0.094} 107.0 {1: 0.0128, 5: 0.053799999999999994, 10: 0.09769999999999998}



1e-4 mismatch 0.8 bs256::
epoch10: {1: 0.013, 5: 0.052, 10: 0.09} 108.0 {1: 0.0127, 5: 0.05519999999999999, 10: 0.09549999999999999}
epoch20: {1: 0.024, 5: 0.068, 10: 0.106} 94.0 {1: 0.016300000000000002, 5: 0.06080000000000001, 10: 0.10669999999999999}
epoch30: {1: 0.022, 5: 0.072, 10: 0.127} 95.0 {1: 0.0172, 5: 0.07039999999999999, 10: 0.1236}
epoch40: {1: 0.015, 5: 0.069, 10: 0.115} 97.0 {1: 0.017100000000000004, 5: 0.0669, 10: 0.1155}




1e-4 mismatch 0.8 bs512:
epoch5:  {1: 0.007, 5: 0.024, 10: 0.044} 215.0 {1: 0.005100000000000001, 5: 0.0216, 10: 0.04259999999999999}
epoch10: {1: 0.011, 5: 0.033, 10: 0.069} 164.0 {1: 0.009, 5: 0.037, 10: 0.0693}
epoch15: {1: 0.016, 5: 0.048, 10: 0.083} 112.5 {1: 0.014100000000000001, 5: 0.0558, 10: 0.10069999999999998}
epoch20: {1: 0.013, 5: 0.066, 10: 0.116} 90.0 {1: 0.016700000000000003, 5: 0.06800000000000002, 10: 0.12040000000000002}


epoch10: {1: 0.01, 5: 0.042, 10: 0.076} 124.0 {1: 0.010499999999999999, 5: 0.041999999999999996, 10: 0.07719999999999999}
epoch20: {1: 0.015, 5: 0.061, 10: 0.109} 91.5 {1: 0.015299999999999998, 5: 0.0633, 10: 0.1127}
epoch30: {1: 0.023, 5: 0.077, 10: 0.136} 75.0 {1: 0.021899999999999996, 5: 0.08189999999999999, 10: 0.1384}
epoch40: {1: 0.021, 5: 0.063, 10: 0.116} 96.5 {1: 0.0182, 5: 0.07209999999999998, 10: 0.12430000000000004}

epoch100: {1: 0.016, 5: 0.065, 10: 0.109} 96.0 {1: 0.018, 5: 0.0719, 10: 0.126}





1e-5 mismatch 0.8 bs512:
epoch20: {1: 0.013, 5: 0.057, 10: 0.103} 106.5 {1: 0.012199999999999999, 5: 0.05910000000000001, 10: 0.09919999999999998}
epoch40: {1: 0.022, 5: 0.081, 10: 0.139} 80.5 {1: 0.0192, 5: 0.0756, 10: 0.1335}
epoch60: {1: 0.021, 5: 0.082, 10: 0.145} 76.0 {1: 0.022, 5: 0.08119999999999998, 10: 0.14250000000000002}
epoch80: {1: 0.024, 5: 0.08, 10: 0.134} 79.0 {1: 0.0203, 5: 0.08339999999999999, 10: 0.13999999999999999}


5e-5 mismatch 0.8 bs256 nofc:
epoch100: {1: 0.016, 5: 0.068, 10: 0.122} 86.0 {1: 0.017100000000000004, 5: 0.0783, 10: 0.13319999999999999}
epoch180: {1: 0.018, 5: 0.054, 10: 0.099} 105.0 {1: 0.0157, 5: 0.0631, 10: 0.1101}





1e-5:
epoch90: {1: 0.017, 5: 0.086, 10: 0.138} 69.0 {1: 0.019700000000000002, 5: 0.08339999999999999, 10: 0.14619999999999997}
epoch100: {1: 0.023, 5: 0.086, 10: 0.161} 61.0 {1: 0.024099999999999996, 5: 0.093, 10: 0.1617}
